4.8
2.3
95.0
1275.0
4180.0
173210.0
5325.2
1940.0
5279.26
0.510998928
1823.0
105.6583715
5794.9
1776.82
2453.74
2518.8
5743.0
0.0
0.0
91187.6
80385.0
125700.0
2286.46
4421.0
6275.6
1720.0
1812.0
2470.88
1662.0
2340.0
1197.449
9460.3
1387.2
9912.2
1775.0
990.0
10163.7
1690.0
1115.683
1519.5
2881.53
1820.0
10579.4
2100.0
1690.0
2025.0
939.565379
1232.0
5325.2
1675.0
1930.0
1430.0
1750.0
1272.0
1630.0
1773.0
1515.0
1505.0
1880.0
1350.0
5366.77
1430.0
1600.0
1272.0
1890.0
1773.0
2110.0
1630.0
3639.4
1232.0
1722.0
1880.0
3927.2
1930.0
1535.0
1920.0
5811.3
5832.1
1717.0
1890.0
1700.0
134.9766
5619.5
1944.0
1800.0
1318.3
2452.9
1688.8
2517.5
1996.0
1890.0
1920.0
2453.98
5415.4
1710.0
497.614
2467.8
5839.96
1192.642
1383.7
1775.0
1230.0
2030.0
1189.37
1382.8
1775.0
2030.0
5793.1
938.272046
1232.0
775.26
1675.0
1930.0
2318.0
1750.0
1630.0
980.0
1232.0
1354.0
1880.0
1717.0
1930.0
2318.0
1750.0
2421.4
1940.0
2628.11
1630.0
1515.0
2317.7
1880.0
2535.1
2190.0
10268.6
1535.0
1920.0
3414.75
3525.38
1890.0
9859.4
2819.6
139.57018
6048.8
775.26
1318.3
2577.9
1688.8
2645.9
1996.0
1890.0
547.862
1700.0
782.65
1275.1
2575.6
1667.0
1710.0
2018.0
10255.5
3773.15
2695.2
2765.9
2025.0
1321.71
3686.109
1230.0
1314.86
1425.0
1531.8
1281.9
2517.9
1672.45
2010.0
4191.0
2816.6
1300.0
1465.0
980.0
1354.0
2789.1
1920.0
475.0
2592.25
2645.9
497.614
497.614
1660.0
895.81
1670.0
1432.4
1915.0
1408.8
2045.0
493.677
1405.1
891.66
1690.0
1425.6
1830.0
1776.0
2045.0
957.78
1019.461
1525.0
1430.0
1854.0
1700.0
1474.0
1685.0
9899.3
1403.0
1816.0
1950.0
1670.0
1403.0
1816.0
10355.2
1700.0
1950.0
1426.4
1776.0
1655.0
1600.0
1300.0
1465.0
1670.0
10876.0
2791.8
1720.0
1294.0
1474.0
1229.5
1810.0
1672.2
1940.0
1600.0
1950.0
1869.61
5743.0
2010.26
1670.0
2464.3
1915.0
1720.0
1864.84
1660.0
2006.96
1670.0
2462.6
1915.0
1535.0
1968.3
2112.1
2571.9
1430.0
1950.0
1700.0
9892.8
1685.0
2983.6
3096.916
3556.2
1812.0
1700.0
1662.0
1950.0
2297.0
2030.0
2252.0
1950.0
2459.5
1655.0
1600.0
10232.5
1414.0
10023.26
3510.66
5835.1
1600.0
2190.0
1823.0
1414.0
1229.5
1672.2
1660.0
1476.0
1680.0
1720.0
1170.0
1617.0
5815.5
11019.0
4039.0
5279.58